A antes de gauss---------
3
0.2150666966173177	0.54201320677158105	0.49176593380596767	
0.69707863204976483	0.70388115369895532	0.94854456183898472	
0.98465675440833755	0.20166505277234364	0.94057061753262328	

---------
U a pivo  0  1507323762---------
3
0.2150666966173177 0.54201320677158105 0.49176593380596767 
0.69707863204976483 0.70388115369895532 0.94854456183898472 
0.98465675440833755 0.20166505277234364 0.94057061753262328 

---------
U a pivo  0  1507323762---------
3
0.98465675440833755 0.20166505277234364 0.94057061753262328 
0.69707863204976483 0.70388115369895532 0.94854456183898472 
0.2150666966173177 0.54201320677158105 0.49176593380596767 

---------
U a zer  0  1---------
3
0.98465675440833755 0.20166505277234364 0.94057061753262328 
0.69707863204976483 0.70388115369895532 0.94854456183898472 
0.2150666966173177 0.54201320677158105 0.49176593380596767 

---------
U d zer 0  1---------
3
0.98465675440833755 0.20166505277234364 0.94057061753262328 
0 0.70388115369895532 0.94854456183898472 
0.2150666966173177 0.54201320677158105 0.49176593380596767 

---------
U d---------
3
0.98465675440833755 0.20166505277234364 0.94057061753262328 
0 0.56111424686627043 0.28267630218355499 
0.2150666966173177 0.54201320677158105 0.49176593380596767 

---------
0.70794074069864765
U a zer  0  2---------
3
0.98465675440833755 0.20166505277234364 0.94057061753262328 
0 0.56111424686627043 0.28267630218355499 
0.2150666966173177 0.54201320677158105 0.49176593380596767 

---------
U d zer 0  2---------
3
0.98465675440833755 0.20166505277234364 0.94057061753262328 
0 0.56111424686627043 0.28267630218355499 
0 0.54201320677158105 0.49176593380596767 

---------
U d---------
3
0.98465675440833755 0.20166505277234364 0.94057061753262328 
0 0.56111424686627043 0.28267630218355499 
0 0.49796594204838712 0.28632844024040383 

---------
0.21841793666113365
U a pivo  1  3---------
3
0.98465675440833755 0.20166505277234364 0.94057061753262328 
0 0.56111424686627043 0.28267630218355499 
0 0.49796594204838712 0.28632844024040383 

---------
U a pivo  1  3---------
3
0.98465675440833755 0.20166505277234364 0.94057061753262328 
0 0.56111424686627043 0.28267630218355499 
0 0.49796594204838712 0.28632844024040383 

---------
U a zer  1  2---------
3
0.98465675440833755 0.20166505277234364 0.94057061753262328 
0 0.56111424686627043 0.28267630218355499 
0 0.49796594204838712 0.28632844024040383 

---------
U d zer 1  2---------
3
0.98465675440833755 0.20166505277234364 0.94057061753262328 
0 0.56111424686627043 0.28267630218355499 
0 0 0.28632844024040383 

---------
U d---------
3
0.98465675440833755 0.20166505277234364 0.94057061753262328 
0 0.56111424686627043 0.28267630218355499 
0 0 0.03546478475896242 

---------
0.88745909559317726
A depois de gauss---------
3
0.2150666966173177	0.54201320677158105	0.49176593380596767	
0.69707863204976483	0.70388115369895532	0.94854456183898472	
0.98465675440833755	0.20166505277234364	0.94057061753262328	

---------
U---------
3
0.98465675440833755 0.20166505277234364 0.94057061753262328 
0 0.56111424686627043 0.28267630218355499 
0 0 0.03546478475896242 

---------
L---------
3
0.707941	
0.218418	0.887459	

---------
Y---------
3
0	0	1.4125476081700383	
0	1.1268124975738747	-1.1268124975738747	
0	0	0	
---------
Y---------
3
-nan	-nan	-nan	
0	0	0	
0	0	0	
---------
#
# Tempo LU: 0.159912
# Tempo iter 0.000000
# Tempo residuo: 0.016113
#
3
0 0 0 
0 0 0 
0 0 0 
