A---------
5
0.2150666966173177	0.54201320677158105	0.49176593380596767	0.69707863204976483	0.70388115369895532	
0.94854456183898472	0.98465675440833755	0.20166505277234364	0.94057061753262328	0.017512295403290676	
0.48338016797014521	0.97920340903997583	0.32620630661314648	0.99211690621083459	0.47822716761297879	
0.029728239881679528	0.74506839725424923	0.77300352033833208	0.35799714380781966	0.42605530862978441	
0.79082449376155828	0.60548265353100494	0.95540442688176619	0.99572989856625438	0.94165149654338676	

---------
U---------
5
0.94854456183898472	0.98465675440833755	0.20166505277234364	0.94057061753262328	0.017512295403290676	
0	0.71420836877080518	0.76668315616593652	0.32851881451408665	0.42550645753772975	
0	0	1.0185504956099787	0.31065508126467939	1.0554101556102151	
0	0	0	0.381360884694942	0.48438937981952468	
0	0	0	0	0.014320849891898468	

---------
L---------
5
1	0	0	0	0	
0.031340899603118373	1	0	0	0	
0.83372413440266036	-0.30166189048249381	1	0	0	
0.50960196011560599	0.66846093917113414	-0.28379578963409058	1	0	
0.22673336105618327	0.44631046805921409	0.10197140028839373	0.80113243746796658	1	

---------
Y---------
5
0	1	0	0	0	
0	-0.031340899603118373	0	1	0	
0	-0.84317848942635909	0	0.30166189048249381	1	
0	-0.72794229814167055	1	-0.58285056475914221	0.28379578963409058	
1	0.45641268942120949	-0.80113243746796658	-0.010130859820285554	-0.32932941298109902	
---------
X---------
5
46.641726457600676	23.147495688866872	-39.435454151427081	-0.45284657573301856	-15.062424722891134	
47.827565102335299	22.926919630141025	-38.663837187796112	0.80030167068822478	-16.903599875810013	
-45.304087312349857	-20.923003084989116	35.49481376386175	1.2212778328660481	15.674787279984946	
-88.693067142137181	-42.389442989324536	73.677081235178349	-0.62980682500950047	29.953401699428731	
69.828257928023945	31.8705029985273	-55.941682478019679	-0.70742029256355388	-22.996499192928898	
---------
#
R---------
5
-7.1054273576010019e-15	-3.5527136788005009e-15	7.1054273576010019e-15	1.6653345369377348e-16	0	
-3.3306690738754696e-15	-3.1086244689504383e-15	4.2188474935755949e-15	-3.1225022567582528e-17	-3.4972025275692431e-15	
1.4210854715202004e-14	1.7763568394002505e-15	-1.0658141036401503e-14	5.5511151231257827e-17	-7.1054273576010019e-15	
1.7763568394002505e-14	5.3290705182007514e-15	-3.5527136788005009e-15	1.1102230246251565e-16	0	
0	-1.0658141036401503e-14	0	1.1102230246251565e-16	-3.5527136788005009e-15	
---------
# iter 1: 3.1881157319590277e-14
# Tempo LU: 0.156982
# Tempo iter 0.001953
# Tempo residuo: 0.113403
#
5
46.641726457599702	23.147495688866723	-39.435454151426228	-0.45284657573301546	-15.062424722890881	
47.827565102334347	22.926919630140901	-38.663837187795266	0.80030167068822811	-16.903599875809757	
-45.30408731234894	-20.923003084988988	35.494813763860954	1.221277832866045	15.674787279984711	
-88.693067142135376	-42.38944298932428	73.677081235176757	-0.62980682500950658	29.953401699428248	
69.828257928022538	31.870502998527094	-55.94168247801845	-0.70742029256354899	-22.996499192928528	
